8 13 17 19 5 15 10 14 1 20 4 9 18 6 7 2 11 16 12 3 
2 6 20 19 10 5 1 14 16 15 3 17 9 11 8 13 18 12 4 7 
16 4 11 12 14 6 13 7 5 8 3 1 20 9 15 18 2 19 10 17 
11 5 2 10 7 1 12 6 16 9 20 14 13 18 15 3 8 19 4 17 
16 5 1 12 13 15 11 4 18 2 17 8 7 19 14 3 6 10 20 9 
19 1 10 7 9 15 11 5 2 8 16 3 13 20 6 18 12 4 14 17 
15 17 20 13 1 10 11 4 6 16 14 8 3 7 5 19 12 2 18 9 
19 13 8 5 10 4 6 15 20 7 9 18 14 3 2 17 11 16 12 1 
16 17 1 7 19 12 3 13 15 10 2 5 14 6 18 8 20 9 4 11 
2 18 9 5 19 12 7 16 6 1 11 3 4 20 8 17 13 14 15 10 
6 19 11 1 5 4 7 20 9 14 15 3 12 16 10 13 8 2 17 18 
12 1 17 2 8 16 11 5 6 13 15 9 19 7 20 18 10 14 4 3 
16 10 11 13 19 14 20 1 3 9 2 5 12 8 4 7 17 18 6 15 
9 11 20 3 4 1 5 8 13 17 12 16 15 19 10 18 2 6 7 14 
18 6 12 1 11 3 17 10 5 8 4 13 16 7 14 20 9 19 2 15 
11 18 10 13 17 8 5 2 19 1 4 14 12 7 9 15 20 3 16 6 
12 7 16 17 10 6 13 15 8 18 4 19 14 5 3 20 11 9 1 2 
12 9 17 4 5 16 7 15 18 20 6 8 19 11 14 10 1 3 2 13 
14 8 2 13 20 11 19 5 6 10 18 12 16 9 1 15 17 3 7 4 
9 10 3 4 17 14 2 8 5 18 1 19 16 12 13 6 20 11 7 15 
20 7 19 18 15 3 14 9 17 8 5 6 11 4 1 13 12 16 10 2 
15 19 1 8 2 17 11 9 4 20 3 7 13 6 14 5 18 12 16 10 
20 19 9 17 2 11 18 12 13 1 6 3 4 14 15 16 10 5 8 7 
2 7 14 19 13 6 12 16 11 9 20 3 10 8 4 18 1 5 17 15 
6 17 1 14 9 5 8 12 7 3 15 4 16 19 11 10 13 2 20 18 
19 2 16 12 9 13 5 8 20 15 4 18 14 17 11 10 1 6 3 7 
8 13 7 3 19 12 9 5 17 14 4 11 10 16 1 20 15 6 2 18 
5 17 4 7 9 13 15 1 10 19 20 11 6 3 16 14 8 18 12 2 
13 1 15 5 6 11 4 10 18 2 17 7 3 19 20 8 16 9 14 12 
3 14 5 1 4 11 8 19 10 9 20 16 17 6 12 18 7 2 15 13 
20 9 12 7 2 19 17 15 1 18 16 11 6 3 8 5 14 4 13 10 
15 8 4 1 6 20 5 17 14 7 10 11 3 18 19 12 13 16 2 9 
14 11 7 20 9 13 3 16 17 19 2 4 18 1 12 10 6 5 15 8 
5 6 14 1 10 16 4 20 12 15 19 18 9 2 8 13 3 7 17 11 
5 1 6 4 18 15 11 8 3 20 19 10 2 14 12 13 7 9 16 17 
1 5 2 11 14 10 15 18 9 8 4 13 3 12 6 17 16 19 7 20 
2 12 14 7 9 20 15 6 19 11 18 8 13 1 3 10 4 16 5 17 
2 3 17 16 14 5 12 7 11 18 13 9 4 15 6 8 10 19 20 1 
20 4 19 16 13 2 7 18 6 10 12 5 3 15 8 17 9 11 14 1 
13 11 4 19 9 17 14 7 12 6 5 16 18 2 20 1 15 8 10 3 
17 12 11 6 10 2 3 14 20 7 19 16 4 1 18 8 9 13 15 5 
12 8 13 1 7 19 16 14 18 10 6 9 5 3 4 11 17 2 20 15 
12 8 17 16 20 10 5 13 9 4 6 1 18 7 11 3 14 15 19 2 
18 10 11 3 15 4 12 20 19 1 8 2 5 13 9 14 7 6 16 17 
20 16 17 1 5 15 4 7 12 8 10 6 13 18 11 2 14 3 9 19 
12 17 3 6 19 13 1 11 14 2 5 7 4 18 15 20 9 8 16 10 
7 5 11 2 14 12 16 15 9 20 1 19 6 13 8 3 17 18 10 4 
5 20 19 8 6 1 11 9 7 17 2 12 13 3 14 16 10 18 4 15 
4 5 10 9 20 18 13 8 3 7 14 19 1 17 12 15 2 16 11 6 
15 19 5 4 20 3 16 12 11 8 6 14 9 1 17 13 7 10 2 18 
16 20 3 12 8 7 14 4 10 17 9 1 15 11 13 2 5 19 18 6 
2 15 18 13 19 16 9 17 6 4 14 10 7 5 1 20 3 8 12 11 
10 13 3 8 18 17 2 16 5 14 4 19 6 15 7 11 9 12 20 1 
14 3 18 5 9 8 7 12 17 6 2 4 15 16 19 13 11 20 1 10 
3 4 1 19 8 7 5 2 12 18 11 14 10 16 17 9 13 6 15 20 
12 11 18 5 16 4 20 3 15 2 9 8 10 6 17 13 1 14 7 19 
17 1 9 10 4 5 20 15 8 3 19 14 12 7 13 11 16 6 18 2 
11 16 4 3 8 7 6 17 1 12 20 14 5 18 9 15 2 13 10 19 
4 19 20 15 5 11 2 13 8 12 14 10 6 7 3 17 16 9 18 1 
7 11 4 1 5 15 2 17 10 8 18 3 12 9 13 6 14 16 19 20 
16 5 19 13 7 14 20 3 1 8 6 12 17 18 9 10 15 4 11 2 
13 17 4 15 5 18 20 8 11 9 3 2 14 6 19 10 16 12 1 7 
17 6 19 12 16 5 8 9 7 13 10 18 1 14 20 15 2 11 4 3 
10 12 8 6 20 18 2 5 7 17 16 14 11 1 9 15 19 13 3 4 
8 2 16 6 5 17 20 9 7 12 11 18 13 4 19 3 1 14 10 15 
19 2 9 5 1 14 10 15 17 8 20 3 11 13 4 6 18 7 12 16 
20 1 9 8 4 19 3 15 7 12 2 13 16 18 14 6 11 5 17 10 
6 19 8 16 15 7 9 5 10 3 12 4 1 11 13 20 14 17 2 18 
7 19 1 11 6 3 18 8 13 20 12 9 10 17 15 16 2 4 5 14 
17 15 10 2 9 1 3 4 20 8 7 19 13 11 14 12 5 16 6 18 
14 8 13 20 18 11 10 19 12 15 17 5 16 3 7 6 4 2 9 1 
15 11 1 14 20 16 17 3 19 5 10 9 12 8 4 7 2 18 6 13 
13 10 2 6 4 20 3 14 19 18 5 9 8 12 15 1 11 16 7 17 
16 3 5 13 2 19 1 17 14 12 11 15 7 6 4 18 9 8 20 10 
8 2 11 1 16 14 12 20 3 17 10 13 15 5 4 6 9 18 7 19 
2 3 13 14 11 1 5 12 15 16 17 20 8 9 19 10 4 18 7 6 
11 1 3 12 16 6 13 20 5 7 18 17 10 4 8 14 9 2 15 19 
5 11 9 16 1 4 12 6 17 13 19 18 14 3 7 8 15 10 20 2 
8 18 7 5 14 19 9 15 20 12 17 1 11 3 6 4 16 10 13 2 
6 9 19 12 11 1 5 17 7 16 4 13 20 2 10 3 18 8 15 14 
5 8 9 12 3 6 17 1 16 4 15 10 20 14 13 7 11 19 2 18 
11 14 6 12 17 9 8 19 1 16 10 18 4 5 3 13 15 2 7 20 
20 13 7 19 1 8 12 6 15 18 16 11 10 14 3 9 2 5 4 17 
16 15 1 14 19 9 17 20 5 18 6 4 13 8 11 10 3 7 12 2 
11 2 10 4 6 14 12 9 1 3 8 13 20 7 17 18 19 16 15 5 
8 2 9 1 17 5 20 16 4 14 10 3 11 18 7 13 12 19 6 15 
2 12 1 19 8 10 18 7 3 16 13 6 15 14 17 20 5 4 9 11 
4 6 12 2 15 5 16 17 7 11 19 9 18 8 1 20 14 3 13 10 
2 18 20 17 3 4 15 1 16 14 10 9 13 6 7 12 5 11 8 19 
16 6 7 10 4 18 14 2 11 8 17 1 12 19 9 3 13 20 5 15 
15 2 11 9 10 20 8 6 12 5 4 7 17 19 13 18 14 3 1 16 
19 3 6 12 4 2 20 11 8 1 13 16 17 7 10 15 18 14 5 9 
9 18 13 19 11 8 12 5 17 20 6 15 4 1 14 7 16 2 3 10 
9 17 20 15 4 12 18 8 3 16 2 13 11 6 10 14 1 19 5 7 
18 9 20 2 1 6 19 14 16 17 11 12 7 8 15 13 5 10 3 4 
2 6 8 4 1 15 11 9 12 3 17 20 7 18 5 19 10 13 16 14 
16 7 9 12 8 18 15 14 11 3 5 4 6 20 13 19 17 10 1 2 
10 3 16 18 20 7 1 9 4 19 12 13 11 14 17 6 15 5 8 2 
4 18 2 15 19 8 5 14 17 12 7 9 3 16 11 13 6 20 10 1 
5 15 18 10 7 14 12 11 8 9 13 3 20 6 16 4 2 1 17 19 
